17.549541 16.052767 17.798525 15.467887 16.983881 16.032003 17.959347 15.307329 Bothway
9.847897 15.817589 9.838559 16.013006 9.873239 13.887309 11.929904 16.029049 Bothway
9.395062 -0.126434 9.855289 0.906445 8.077701 -0.07499 9.846517 1.95458 Bothway
9.882998 -0.412901 9.900014 -0.128847 9.900014 -2.33538 8.077701 -0.07499 Bothway
10.025618 -30.157202 10.052366 -29.644564 12.25974 -30.157202 10.025618 -28.261318 Forward
39.650341 -29.296463 39.650791 -30.012028 39.650791 -27.403299 38.039383 -30.012028 Forward
31.349245 -29.953192 31.350258 -30.201035 33.507969 -29.953192 31.32095 -32.02042 Forward
31.393991 -30.281214 31.39806 -30.087597 31.32095 -32.02042 29.709997 -29.963524 Forward
31.336773 -34.389881 31.054821 -34.718822 31.32095 -33.420452 30.058554 -34.729179 Forward
30.053625 -34.739212 30.164801 -35.039486 28.53964 -34.729179 30.160913 -35.66621 Bothway
31.315994 -34.697906 31.325642 -34.562817 28.53964 -34.729179 31.32095 -35.66621 Forward
39.022655 14.4477 39.41547 15.076697 37.308693 14.475578 39.43354 16.513466 Bothway
39.401451 25.019339 39.408417 24.954823 40.395287 25.005026 39.3979 26.453333 Backward
37.95826 14.431793 39.432014 14.109741 37.308693 14.475578 39.442249 12.744863 Bothway
39.418274 18.423367 39.429001 18.283943 40.395287 18.433434 39.43354 16.513466 Bothway
39.39315 25.006886 39.397301 24.874062 40.395287 25.005026 39.3979 23.783005 Forward
18.210468 16.50429 18.106558 16.017584 18.217407 18.472281 16.983881 16.032003 Bothway
19.554544 14.648668 19.557365 14.485034 19.54991 15.613314 20.672453 14.475578 Bothway
19.548903 14.634562 19.540438 14.468106 19.54991 15.613314 18.852234 14.506139 Backward
18.284401 14.945848 18.205179 14.408846 17.959347 15.307329 19.558655 14.475578 Bothway
19.497595 29.466869 19.497595 29.775812 19.486967 28.687164 18.167423 29.774881 Bothway
19.497595 29.466869 19.503773 29.775812 19.486967 28.687164 20.637318 29.774881 Bothway
18.148966 29.767504 18.152937 29.227509 19.498165 29.774881 18.167423 28.700434 Bothway
20.697168 14.626098 20.67742 14.485034 20.682844 15.613314 21.838905 14.475578 Bothway
18.201849 14.985796 18.217407 14.37594 18.217407 18.472281 19.558655 14.475578 Bothway
15.730847 16.026323 15.732349 15.882886 16.983881 16.032003 15.729413 14.653141 Bothway
14.798176 16.029768 14.806524 15.82107 15.729413 16.029049 14.812855 14.653141 Bothway
13.702863 16.015648 13.702863 15.785381 14.812855 16.029049 13.724722 14.646639 Bothway
13.724722 16.032003 13.740192 15.745885 12.654362 16.029049 13.724722 14.646639 Bothway
14.812855 16.029049 14.823748 15.745885 13.724722 16.029049 14.812855 14.653141 Bothway
15.72309 16.046484 15.726921 15.858747 14.812855 16.029049 15.729413 14.653141 Bothway
10.169808 29.761889 9.803984 29.104391 11.596916 29.774881 9.800294 27.818655 Bothway
9.865047 17.15885 10.40137 16.028053 9.849461 18.428465 11.929904 16.029049 Bothway
20.671776 14.665596 20.663313 14.47657 20.682844 15.613314 19.558655 14.475578 Bothway
10.604684 -30.134798 9.993907 -31.075201 12.25974 -30.157202 9.984515 -31.908888 Forward
10.105289 -48.152458 10.114236 -48.032166 10.103682 -49.371597 11.097838 -47.980927 Bothway
10.113145 -49.315067 10.103682 -49.222889 10.067195 -50.588459 11.097838 -49.235302 Bothway
10.103682 -47.966549 10.113145 -47.791103 11.097838 -47.980927 10.103682 -46.944042 Forward
21.819683 14.498717 21.828382 14.647854 20.672453 14.475578 21.838905 15.613314 Bothway
21.840763 14.664336 21.825706 14.48065 21.838905 15.613314 23.020416 14.475578 Bothway
23.015148 14.613145 22.99407 14.477639 23.020416 15.613314 21.838905 14.475578 Bothway
23.021172 14.62519 23.009371 14.37594 23.020416 15.613314 24.149015 14.475578 Bothway
24.138344 14.616156 24.150389 14.465594 24.149015 15.613314 23.020416 14.475578 Bothway
24.144365 14.604111 24.13232 14.465594 24.149015 15.613314 25.286901 14.475578 Bothway
25.290934 14.59117 25.275856 14.37594 25.286901 15.613314 24.149015 14.475578 Bothway
25.290934 14.603268 25.275856 14.37594 25.286901 15.613314 26.448343 14.506139 Bothway
26.444218 14.651657 26.447968 14.468605 26.448343 15.613314 25.286901 14.475578 Bothway
26.44758 14.690029 26.427179 14.490588 26.448343 15.613314 27.625149 14.475578 Bothway
27.6213 14.56967 27.671125 14.375985 27.634096 15.755215 26.448343 14.506139 Bothway
27.643246 14.56967 27.55732 14.378184 27.634096 15.755215 28.755869 14.475578 Bothway
28.752787 14.533263 28.750954 14.367989 28.766914 15.755215 27.625149 14.475578 Bothway
28.766031 14.596177 28.757814 14.37828 28.766914 15.755215 29.936424 14.475578 Bothway
29.927986 14.613149 29.900047 14.391944 29.926889 15.763895 28.755869 14.475578 Bothway
29.947626 14.629212 29.911388 14.366429 29.926889 15.763895 31.059307 14.475578 Bothway
31.070539 14.62697 31.114613 14.402199 31.070353 15.763895 29.936424 14.475578 Bothway
31.057318 14.640192 31.026466 14.384569 31.070353 15.763895 32.217869 14.475578 Bothway
32.225246 14.649007 32.291355 14.393384 32.228916 15.763895 31.059307 14.475578 Bothway
32.22084 14.609341 32.181175 14.433049 32.228916 15.763895 33.379723 14.475578 Bothway
33.388771 14.649007 33.463696 14.402199 33.39077 15.755215 32.217869 14.475578 Bothway
33.393177 14.679857 33.296219 14.371347 33.39077 15.755215 34.561573 14.475578 Bothway
34.55069 14.659824 34.62281 14.399394 34.57262 15.755215 33.379723 14.475578 Bothway
34.558704 14.675851 34.517036 14.397791 34.57262 15.755215 35.609474 14.475578 Bothway
39.3993 29.038212 39.509869 29.895111 39.3979 27.973629 37.501591 29.774881 Bothway
34.463181 29.808409 34.458401 29.674583 35.436821 29.774881 34.450405 28.687164 Bothway
33.263527 29.774952 33.258751 29.564655 34.461601 29.774881 33.250217 28.687164 Bothway
32.116436 29.741812 32.121231 29.650686 33.261414 29.774881 32.123695 28.687164 Bothway
30.95323 29.776171 30.962233 29.569111 32.12101 29.774881 30.956995 28.687164 Bothway
29.824728 29.774284 29.834005 29.611917 30.968193 29.774881 29.826317 28.687164 Bothway
28.679317 29.824947 28.679161 29.459328 29.833378 29.774881 28.668119 28.687164 Bothway
27.537336 29.824947 27.53783 29.459328 28.679317 29.774881 27.526138 28.687164 Bothway
34.47752 29.794069 34.47274 29.669804 33.261414 29.774881 34.450405 28.687164 Bothway
33.261414 29.774881 33.263527 29.593332 32.12101 29.774881 33.250217 28.687164 Bothway
30.968193 29.774881 30.961304 29.54697 29.833378 29.774881 30.956995 28.687164 Bothway
32.12038 29.774881 32.121078 29.588722 30.968193 29.774881 32.123695 28.687164 Bothway
29.837515 29.774881 29.834005 29.598 28.679317 29.774881 29.826317 28.687164 Bothway
28.679317 29.774881 28.686905 29.530903 27.537336 29.774881 28.668119 28.687164 Bothway
27.537336 29.774881 27.533245 29.473761 26.393026 29.774881 27.526138 28.687164 Bothway
26.387114 29.774881 26.381119 29.527182 27.537336 29.774881 26.375916 28.687164 Bothway
26.387114 29.774881 26.381119 29.52273 25.231936 29.774881 26.375916 28.687164 Bothway
25.231936 29.774881 25.228212 29.501684 26.393026 29.774881 25.220737 28.687164 Bothway
25.231936 29.774881 25.22946 29.492624 24.083759 29.774881 25.220737 28.687164 Bothway
24.083759 29.774881 24.070974 29.562559 25.231936 29.774881 24.072561 28.687164 Bothway
24.083759 29.774881 24.083227 29.55238 22.933249 29.774881 24.072561 28.687164 Bothway
22.933249 29.774881 22.926077 29.647802 24.083759 29.774881 22.92205 28.687164 Bothway
22.933249 29.774881 22.930933 29.611382 21.763485 29.774881 22.92205 28.687164 Bothway
21.763485 29.774881 21.763014 29.596813 22.933249 29.774881 21.752287 28.687164 Bothway
21.763485 29.774881 21.760965 29.578119 20.637318 29.774881 21.752287 28.687164 Bothway
20.637318 29.774881 20.634501 29.426706 21.763485 29.774881 20.62612 28.687164 Bothway
20.637318 29.774881 20.63759 29.432886 19.498165 29.774881 20.62612 28.687164 Bothway
39.423637 18.43409 39.418755 18.436541 39.3979 20.008167 40.395287 18.433434 Bothway