19.558655 16.435793 19.54991 15.613314 Bothway
9.846517 1.95458 9.873239 13.887309 Bothway
39.3979 26.453333 39.3979 27.973629 Bothway
18.169516 28.700434 18.217407 18.472281 Bothway
39.43354 16.513466 39.442249 12.744863 Bothway
39.442249 12.744863 39.440475 2.549022 Forward
39.440475 2.549022 39.467072 -2.000664 Forward
39.467072 -2.000664 39.650791 -27.403299 Forward
38.039383 -30.012028 33.507969 -29.953192 Forward
33.507969 -29.953192 29.709997 -29.963524 Forward
29.709997 -29.963524 12.25974 -30.157202 Forward
10.025618 -28.261318 9.984621 -9.020608 Forward
9.984621 -9.020608 9.900014 -2.33538 Forward
31.32095 -32.02042 31.32095 -33.420452 Bothway
30.058554 -34.729179 28.53964 -34.729179 Forward
30.160913 -35.66621 30.160913 -36.664825 Bothway
30.160913 -36.664825 30.128708 -37.963844 Bothway
31.32095 -35.66621 31.321943 -36.536018 Bothway
31.321943 -36.536018 31.32095 -37.842052 Bothway
31.32095 -33.420452 31.32095 -35.66621 Backward
41.11554 18.433434 40.395287 18.433434 Bothway
41.195595 25.005026 40.395287 25.005026 Bothway
39.43354 16.513466 39.3979 20.008167 Bothway
39.3979 20.008167 39.3979 23.783005 Bothway
39.3979 23.783005 39.3979 26.453333 Bothway
9.900014 -2.33538 9.846517 1.95458 Bothway
19.558655 16.435793 19.542524 17.668427 Bothway
19.542524 17.668427 19.545404 19.024796 Bothway
19.545404 19.024796 19.550573 20.333778 Bothway
19.550573 20.333778 19.547609 21.542692 Bothway
19.496832 22.923149 19.500551 24.24798 Bothway
19.500551 24.24798 19.500551 25.509192 Bothway
19.507223 26.824472 19.486967 27.953026 Bothway
19.500551 25.509192 19.507223 26.824472 Bothway
20.688551 16.435793 20.682844 15.613314 Bothway
20.688551 16.435793 20.671799 17.668427 Bothway
20.671799 17.668427 20.670448 19.024796 Bothway
20.670448 19.024796 20.678572 20.333778 Bothway
20.678572 20.333778 20.689749 21.542692 Bothway
20.63929 22.907484 20.635984 24.232374 Bothway
20.635984 24.232374 20.635984 25.500511 Bothway
20.636248 26.808867 20.62612 27.953026 Bothway
20.635984 25.500511 20.636248 26.808867 Bothway
21.845596 16.435793 21.838905 15.613314 Bothway
21.845596 16.435793 21.836666 17.668427 Bothway
21.836666 17.668427 21.829313 19.024796 Bothway
21.829313 19.024796 21.833475 20.333778 Bothway
21.833475 20.333778 21.837307 21.542692 Bothway
21.757301 22.90926 21.765005 24.24114 Bothway
21.765005 24.24114 21.765974 25.500511 Bothway
21.765974 26.800264 21.752287 27.953026 Bothway
21.765974 25.500511 21.765974 26.800264 Bothway
23.020416 16.435793 23.020416 15.613314 Bothway
23.020416 16.435793 23.012766 17.668427 Bothway
23.012766 17.668427 23.009371 19.024796 Bothway
23.009371 19.024796 23.009371 20.333778 Bothway
23.009371 20.333778 23.009371 21.542692 Bothway
22.927166 22.913656 22.931915 24.24798 Bothway
22.931915 24.24798 22.931915 25.484905 Bothway
22.942307 26.800264 22.92205 27.953026 Bothway
22.931915 25.484905 22.942307 26.800264 Bothway
24.149015 16.435793 24.13797 17.668427 Bothway
24.13797 17.668427 24.129799 19.024796 Bothway
24.129799 19.024796 24.13797 20.333778 Bothway
24.13797 20.333778 24.128523 21.542692 Bothway
24.082426 22.923149 24.078711 24.24114 Bothway
24.078711 24.24114 24.082426 25.484905 Bothway
24.082426 26.800264 24.072561 27.953026 Bothway
24.082426 25.484905 24.082426 26.800264 Bothway
24.149015 16.435793 24.149015 15.613314 Bothway
25.298117 16.435793 25.283903 17.668427 Bothway
25.283903 17.668427 25.275856 19.024796 Bothway
25.275856 19.024796 25.275856 20.333778 Bothway
25.275856 20.333778 25.267809 21.542692 Bothway
25.230602 22.907484 25.230602 24.24798 Bothway
25.230602 24.24798 25.231529 25.484905 Bothway
25.230602 26.800264 25.220737 27.953026 Bothway
25.231529 25.484905 25.230602 26.800264 Bothway
25.298117 16.435793 25.286901 15.613314 Bothway
26.448343 16.435793 26.437298 17.668427 Bothway
26.437298 17.668427 26.428267 19.024796 Bothway
26.428267 19.024796 26.437298 20.333778 Bothway
26.437298 20.333778 26.446745 21.542692 Bothway
26.391693 22.90926 26.391693 24.24114 Bothway
26.391693 24.24114 26.391693 25.484905 Bothway
26.381302 26.800264 26.381828 27.953026 Bothway
26.391693 25.484905 26.381302 26.800264 Bothway
26.448343 16.435793 26.448343 15.613314 Bothway
24.149015 14.475578 25.286901 14.475578 Bothway
25.286901 14.475578 26.448343 14.506139 Bothway
26.448343 14.506139 27.625149 14.475578 Bothway
27.625149 14.475578 28.755869 14.475578 Bothway
19.486967 27.953026 19.486967 28.687164 Bothway
20.62612 27.953026 20.62612 28.687164 Bothway
21.752287 27.953026 21.752287 28.687164 Bothway
22.92205 27.953026 22.92205 28.687164 Bothway
24.072561 27.953026 24.072561 28.687164 Bothway
25.220737 27.953026 25.220737 28.687164 Bothway
26.381828 27.953026 26.375916 28.687164 Bothway
18.167423 29.774881 19.498165 29.774881 Bothway
19.498165 29.774881 20.637318 29.774881 Bothway
20.637318 29.774881 21.763485 29.774881 Bothway
21.763485 29.774881 22.933249 29.774881 Bothway
22.933249 29.774881 24.083759 29.774881 Bothway
24.083759 29.774881 25.231936 29.774881 Bothway
25.231936 29.774881 26.393026 29.774881 Bothway
24.149015 14.475578 23.020416 14.475578 Bothway
23.020416 14.475578 21.838905 14.475578 Bothway
15.729413 14.653141 15.729413 13.962953 Bothway
14.812855 14.653141 14.780725 13.965907 Bothway
13.724722 14.646639 13.692593 13.959405 Bothway
14.812855 16.029049 15.729413 16.029049 Bothway
15.729413 16.029049 16.983881 16.032003 Bothway
11.929904 16.029049 12.654362 16.029049 Bothway
12.654362 16.029049 13.724722 16.029049 Bothway
13.724722 16.029049 14.812855 16.029049 Bothway
18.167423 29.774881 16.618795 29.774881 Bothway
16.618795 29.774881 11.596916 29.774881 Bothway
9.876212 18.428465 9.873239 13.887309 Bothway
9.800294 27.818655 9.849461 18.428465 Bothway
1.334162 1.686203 1.33271 2.166239 Bothway
1.354131 -0.093191 1.334162 1.686203 Bothway
2.54687 -0.094356 2.544858 1.714965 Bothway
3.71741 -0.094809 3.715398 1.714512 Bothway
3.715398 1.714512 3.715398 2.187063 Bothway
2.544858 1.714965 2.54687 2.182894 Bothway
3.71741 -0.094809 2.54687 -0.094356 Bothway
2.54687 -0.094356 1.354131 -0.093191 Bothway
18.852234 14.506139 19.558655 14.475578 Bothway
19.558655 14.475578 20.672453 14.475578 Bothway
20.672453 14.475578 21.838905 14.475578 Bothway
9.984515 -31.908888 10.103682 -46.944042 Bothway
10.103682 -46.944042 10.103682 -49.371597 Forward
10.103682 -49.371597 10.080021 -50.588459 Bothway
11.097838 -47.980927 11.913169 -47.980927 Bothway
11.913169 -47.980927 13.121627 -47.977577 Bothway
13.121627 -47.977577 14.477482 -47.977577 Bothway
11.097838 -49.235302 11.913169 -49.235302 Bothway
11.913169 -49.235302 13.121627 -49.243351 Bothway
13.121627 -49.243351 14.477482 -49.235302 Bothway
9.984515 -31.908888 10.025618 -28.261318 Bothway
27.636194 16.498245 27.634096 15.755215 Bothway
27.636194 16.498245 27.625149 17.82383 Bothway
27.625149 17.82383 27.645527 19.079086 Bothway
27.645527 19.079086 27.625149 20.407291 Bothway
27.625149 20.407291 27.615757 21.737236 Bothway
27.571758 22.829493 27.565887 24.103865 Bothway
27.565887 24.103865 27.558918 25.40414 Bothway
27.543682 26.730196 27.526138 27.934282 Bothway
27.558918 25.40414 27.543682 26.730196 Bothway
28.766914 16.504902 28.766914 15.755215 Bothway
28.766914 16.504902 28.755869 17.82383 Bothway
28.755869 17.82383 28.745771 19.084135 Bothway
28.745771 19.084135 28.75082 20.402887 Bothway
28.75082 20.402887 28.730625 21.737236 Bothway
28.698399 24.115782 28.687788 25.422829 Bothway
28.677984 26.74901 28.668377 27.942371 Bothway
28.687788 25.422829 28.677984 26.74901 Bothway
29.94747 16.508108 29.926889 15.763895 Bothway
29.94747 16.508108 29.93375 17.824495 Bothway
29.93375 17.824495 29.933184 19.086988 Bothway
29.933184 19.086988 29.91444 20.404814 Bothway
29.91444 20.404814 29.903498 21.732821 Bothway
29.854317 22.850113 29.846642 24.133472 Bothway
29.846642 24.133472 29.836182 25.432932 Bothway
29.849443 26.765062 29.823513 27.940935 Bothway
29.836182 25.432932 29.849443 26.765062 Bothway
31.070353 16.509325 31.070353 15.763895 Bothway
31.070353 16.509325 31.059307 17.83069 Bothway
31.059307 17.83069 31.045534 19.105009 Bothway
31.045534 19.105009 31.045534 20.412157 Bothway
31.045534 20.412157 31.031759 21.73167 Bothway
31.000662 22.850113 31.000662 24.133472 Bothway
31.000662 24.133472 31.000662 25.448973 Bothway
30.980484 26.758339 30.956995 27.940935 Bothway
31.000662 25.448973 30.980484 26.758339 Bothway
32.233868 16.522354 32.22282 17.865805 Bothway
32.22282 17.865805 32.18816 19.125175 Bothway
32.18816 19.125175 32.193111 20.431067 Bothway
32.193111 20.431067 32.187679 21.751932 Bothway
32.14156 22.860777 32.129284 24.144728 Bothway
32.129284 24.144728 32.13356 25.455904 Bothway
32.119678 26.774818 32.109814 27.934282 Bothway
32.13356 25.455904 32.119678 26.774818 Bothway
32.233868 16.522354 32.228916 15.763895 Bothway
33.385509 16.540977 33.357983 17.840086 Bothway
33.357983 17.840086 33.34494 19.130854 Bothway
33.34494 19.130854 33.330723 20.428045 Bothway
33.330723 20.428045 33.339535 21.756212 Bothway
33.316326 22.907484 33.274826 24.154276 Bothway
33.274826 24.154276 33.274323 25.470753 Bothway
33.264671 26.773539 33.250217 27.947435 Bothway
33.274323 25.470753 33.264671 26.773539 Bothway
33.385509 16.540977 33.39077 15.755215 Bothway
34.563053 16.54446 34.542435 17.84794 Bothway
34.542435 17.84794 34.518078 19.139957 Bothway
34.518078 19.139957 34.511768 20.431854 Bothway
34.511768 20.431854 34.531063 21.766729 Bothway
34.500282 22.878971 34.488869 24.16799 Bothway
34.488869 24.16799 34.479836 25.461874 Bothway
34.462143 26.76886 34.450405 27.965771 Bothway
34.479836 25.461874 34.462143 26.76886 Bothway
34.563053 16.54446 34.57262 15.755215 Bothway
27.526138 27.934282 27.526138 28.687164 Bothway
28.668377 27.942371 28.668119 28.687164 Bothway
29.823513 27.940935 29.826317 28.687164 Bothway
30.956995 27.940935 30.956995 28.687164 Bothway
32.109814 27.934282 32.123695 28.687164 Bothway
33.250217 27.947435 33.250217 28.687164 Bothway
34.450405 27.965771 34.450405 28.687164 Bothway
3.71741 -0.094809 4.612602 -0.085868 Bothway
4.612602 -0.085868 8.077701 -0.07499 Bothway
28.755869 14.475578 29.936424 14.475578 Bothway
29.936424 14.475578 31.059307 14.475578 Bothway
31.059307 14.475578 32.217869 14.475578 Bothway
32.217869 14.475578 33.379723 14.475578 Bothway
33.379723 14.475578 34.561573 14.475578 Bothway
34.561573 14.475578 35.609474 14.475578 Bothway
35.609474 14.475578 37.308693 14.475578 Bothway
28.698399 24.115782 28.690489 22.810375 Bothway
34.461601 29.774881 33.261414 29.774881 Bothway
33.261414 29.774881 32.12101 29.774881 Bothway
32.12101 29.774881 30.968193 29.774881 Bothway
30.968193 29.774881 29.833378 29.774881 Bothway
29.833378 29.774881 28.679317 29.774881 Bothway
28.679317 29.774881 27.537336 29.774881 Bothway
37.501591 29.774881 35.436821 29.774881 Bothway
35.436821 29.774881 34.461601 29.774881 Bothway
27.537336 29.774881 26.393026 29.774881 Bothway